0.5	0.0
2.1245000000000003	0.0
3.749	0.0
5.3735	0.0
6.998	0.0
8.6225	0.0
10.247	0.0
11.871500000000001	0.0
13.496	0.0
15.1205	0.0
16.745	0.0
18.369500000000002	0.0
19.994	0.0
21.6185	0.0
23.243000000000002	0.0
24.8675	0.0
26.492	0.0
28.116500000000002	0.0
29.741	0.0
31.3655	0.0
32.99	0.0
34.6145	0.0
36.239000000000004	0.0
37.8635	0.0
39.488	0.0
41.112500000000004	0.0
42.737	0.0
44.3615	0.0
45.986000000000004	0.0
47.6105	0.0
49.235	0.0
50.859500000000004	0.0
52.484	0.0
54.1085	0.0
55.733000000000004	0.0
57.3575	0.0
58.982	0.0
60.606500000000004	0.0
62.231	0.0
63.8555	0.0
65.48	0.0
67.1045	0.0
68.729	0.0
70.3535	0.0
71.97800000000001	0.0
73.6025	0.0
75.227	0.0
76.8515	0.0
78.476	0.0
80.1005	0.0
81.72500000000001	0.0
83.3495	0.0
84.974	0.0
86.5985	0.0
88.223	0.0
89.8475	0.0
91.47200000000001	0.0
93.0965	0.0
94.721	0.0
96.3455	0.0
97.97	0.0
99.5945	0.0
101.21900000000001	0.0
102.8435	0.0
104.468	0.0
106.0925	0.0
107.717	0.0
109.34150000000001	0.0
110.96600000000001	0.0
112.5905	0.0
114.215	0.0
115.8395	0.0
117.464	0.0
119.08850000000001	0.0
120.71300000000001	0.0
122.3375	0.0
123.962	0.0
125.5865	0.0
127.211	0.0
128.8355	0.0
130.46	0.0
132.0845	0.0
133.709	0.0
135.33350000000002	0.0
136.958	0.0
138.5825	0.0
140.207	0.0
141.8315	0.0
143.45600000000002	0.0
145.0805	0.0
146.705	0.0
148.3295	0.0
149.954	0.0
151.5785	0.0
153.203	0.0
154.82750000000001	0.0
156.452	0.0
158.0765	0.0
159.701	0.0
161.3255	0.0
162.95000000000002	0.0
164.5745	0.0
166.199	0.0
167.8235	0.0
169.448	0.0
171.07250000000002	0.0
172.697	0.0
174.32150000000001	0.0
175.946	0.0
177.5705	0.0
179.195	0.0
180.8195	0.0
182.44400000000002	0.0
184.0685	0.0
185.693	0.0
187.3175	0.0
188.942	0.0
190.56650000000002	0.0
192.191	0.0
193.81550000000001	0.0
195.44	0.0
197.0645	0.0
198.689	0.0
200.3135	0.0
201.93800000000002	0.0
203.5625	0.0
205.187	0.0
206.8115	0.0
208.436	0.0
210.06050000000002	0.0
211.685	0.0
213.3095	0.0
214.934	0.0
216.5585	0.0
218.18300000000002	0.0
219.8075	0.0
221.43200000000002	0.0
223.0565	0.0
224.681	0.0
226.3055	0.0
227.93	0.0
229.55450000000002	0.0
231.179	0.0
232.8035	0.0
234.428	0.0
236.0525	0.0
237.67700000000002	0.0
239.3015	0.0
240.92600000000002	0.0
242.5505	0.0
244.175	0.0
245.7995	0.0
247.424	0.0
249.04850000000002	0.0
250.673	0.0
252.2975	0.0
253.922	0.0
255.5465	0.0
257.171	0.0
258.7955	0.0
260.42	0.0
262.0445	0.0
263.669	0.0
265.2935	0.0
266.918	0.0
268.5425	0.0
270.16700000000003	0.0
271.7915	0.0
273.416	0.0
275.0405	0.0
276.665	0.0
278.28950000000003	0.0
279.914	0.0
281.5385	0.0
283.163	0.0
284.7875	0.0
286.41200000000003	0.0
288.0365	0.0
289.661	0.0
291.2855	0.0
292.91	0.0
294.53450000000004	0.0
296.159	0.0
297.7835	0.0
299.408	0.0
301.0325	0.0
302.657	0.0
304.2815	0.0
305.906	0.0
307.5305	0.0
309.15500000000003	0.0
310.7795	0.0
312.404	0.0
314.0285	0.0
315.653	0.0
317.27750000000003	0.0
318.902	0.0
320.5265	0.0
322.151	0.0
323.7755	0.0
325.40000000000003	0.0
327.0245	0.0
328.649	0.0
330.2735	0.0
331.898	0.0
333.52250000000004	0.0
335.147	0.0
336.7715	0.0
338.396	0.0
340.0205	0.0
341.64500000000004	0.0
343.2695	0.0
344.894	0.0
346.5185	0.0
348.14300000000003	0.0
349.7675	0.0
351.392	0.0
353.0165	0.0
354.641	0.0
356.26550000000003	0.0
357.89	0.0
359.5145	0.0
361.139	0.0
362.7635	0.0
364.38800000000003	0.0
366.0125	0.0
367.637	0.0
369.2615	0.0
370.886	0.0
372.51050000000004	0.0
374.135	0.0
375.7595	0.0
377.384	0.0
379.0085	0.0
380.63300000000004	0.0
382.2575	0.0
383.882	0.0
385.5065	0.0
387.13100000000003	0.0
388.75550000000004	0.0
390.38	0.0
392.0045	0.0
393.629	0.0
395.25350000000003	0.0
396.878	0.0
398.5025	0.0
400.127	0.0
401.7515	0.0
403.37600000000003	0.0
405.0005	0.0
406.625	0.0
408.2495	0.0
409.874	0.0
411.49850000000004	0.0
413.123	0.0
414.7475	0.0
416.372	0.0
417.9965	0.0
419.62100000000004	0.0
421.2455	0.0
422.87	0.0
424.4945	0.0
426.119	0.0
427.74350000000004	0.0
429.368	0.0
430.9925	0.0
432.617	0.0
434.24150000000003	0.0
435.86600000000004	0.0
437.4905	0.0
439.115	0.0
440.7395	0.0
442.36400000000003	0.0
443.9885	0.0
445.613	0.0
447.2375	0.0
448.862	0.0
450.48650000000004	0.0
452.111	0.0
453.7355	0.0
455.36	0.0
456.9845	0.0
458.60900000000004	0.0
460.2335	0.0
461.858	0.0
463.4825	0.0
465.107	0.0
466.73150000000004	0.0
468.356	0.0
469.9805	0.0
471.605	0.0
473.22950000000003	0.0
474.85400000000004	0.0
476.4785	0.0
478.103	0.0
479.7275	0.0
481.35200000000003	0.0
482.97650000000004	0.0
484.601	0.0
486.2255	0.0
487.85	0.0
489.47450000000003	0.0
491.099	0.0
492.7235	0.0
494.348	0.0
495.9725	0.0
497.59700000000004	0.0
499.2215	0.0
500.846	0.0
502.4705	0.0
504.095	0.0
505.71950000000004	0.0
507.344	0.0
508.9685	0.0
510.593	1.9340887399212966e-54
512.2175	4.47830133045568e-53
513.842	9.95044183199085e-52
515.4665	2.1216002348487126e-50
517.091	4.340871012433652e-49
518.7155	8.522800922263171e-48
520.34	1.6057574442414494e-46
521.9645	2.903151371462891e-45
523.589	5.03676344179792e-44
525.2135000000001	8.385434372108346e-43
526.838	1.3396511193300513e-41
528.4625	2.053761437413081e-40
530.087	3.021345670871621e-39
531.7115	4.26523508391954e-38
533.336	5.778001721984305e-37
534.9605	7.511116494839792e-36
536.585	9.369652095896876e-35
538.2095	1.1215911397265451e-33
539.8340000000001	1.2883617155217729e-32
541.4585000000001	1.4201466345871397e-31
543.083	1.5021756009958092e-30
544.7075	1.5247560147508015e-29
546.332	1.485156237266965e-28
547.9565	1.3881489488296157e-27
549.581	1.2450653025898565e-26
551.2055	1.0716188121915024e-25
552.83	8.850762037178881e-25
554.4545	7.01476516412409e-24
556.0790000000001	5.335040805567353e-23
557.7035	3.893628312672938e-22
559.328	2.7268633427066985e-21
560.9525	1.8325861204644367e-20
562.577	1.1818369092683172e-19
564.2015	7.313795987655745e-19
565.826	4.343304435761525e-18
567.4505	2.4750834024628346e-17
569.075	1.3534790597939308e-16
570.6995000000001	7.10240414191391e-16
572.3240000000001	3.576443410458166e-15
573.9485	1.7281819750976126e-14
575.573	8.013453504199006e-14
577.1975	3.565677892990094e-13
578.822	1.5224976545039072e-12
580.4465	6.2382574344171514e-12
582.071	2.45279973282365e-11
583.6955	9.254501376264538e-11
585.32	3.35070424036008e-10
586.9445000000001	1.1641563273741745e-09
588.5690000000001	3.8813128261481815e-09
590.1935	1.2417613226445427e-08
591.818	3.812323504453891e-08
593.4425	1.1231389831957677e-07
595.067	3.1751876234907865e-07
596.6915	8.613852313795918e-07
598.316	2.2424232443486688e-06
599.9405	5.6018295279566165e-06
601.565	1.3428710990324552e-05
603.1895000000001	3.089092425717644e-05
604.814	6.818983111450912e-05
606.4385	0.0001444443183817508
608.063	0.00029361176222051066
609.6875	0.0005727150188629029
611.312	0.0010720025823422689
612.9365	0.0019255075579509555
614.561	0.0033188433990579648
616.1855	0.005489343781241845
617.8100000000001	0.008712569122201086
619.4345000000001	0.013269793967259719
621.059	0.01939430672846058
622.6835	0.027200474278606713
624.308	0.03660756398920422
625.9325	0.04727780668370644
627.557	0.05859167958125015
629.1815	0.06967977048378621
630.806	0.07951876238165047
632.4305	0.0870812490219211
634.0550000000001	0.09151068869277994
635.6795000000001	0.09228075408638149
637.304	0.08929817485376235
638.9285	0.08292131239725616
640.553	0.07388935719028726
642.1775	0.06318147295990284
643.802	0.05184295420998047
645.4265	0.04082083395685948
647.051	0.03084367663881841
648.6755	0.022363642781737136
650.3000000000001	0.015560053595500849
651.9245	0.010388952660070254
653.549	0.0066561727192755256
655.1735	0.004092319519302097
656.798	0.0024143855555173723
658.4225	0.0013668971879209114
660.047	0.0007426038776976038
661.6715	0.00038714237685964667
663.296	0.00019367624136946903
664.9205000000001	9.297669858903299e-05
666.5450000000001	4.283157365993683e-05
668.1695	1.8934161514179637e-05
669.794	8.031936397150002e-06
671.4185	3.2695394418481976e-06
673.043	1.2771592043742893e-06
674.6675	4.787354978530334e-07
676.292	1.722020676031191e-07
677.9165	5.943923739894018e-08
679.541	1.968793798736443e-08
681.1655000000001	6.257766780658848e-09
682.7900000000001	1.9086691366549896e-09
684.4145	5.586426192312277e-10
686.039	1.5690241070833873e-10
687.6635	4.22880154179907e-11
689.288	1.093697271677707e-11
690.9125	2.7143702712091395e-12
692.537	6.464473928457389e-13
694.1615	1.477370501274746e-13
695.7860000000001	3.239946171551597e-14
697.4105000000001	6.818334499337747e-15
699.035	1.37692710334656e-15
700.6595	2.6683066015217627e-16
702.284	4.9619530366283326e-17
703.9085	8.854452348782887e-18
705.533	1.5162223616598488e-18
707.1575	2.491473237995119e-19
708.782	3.928635100128307e-20
710.4065	5.9445542557028495e-21
712.0310000000001	8.631554850441104e-22
713.6555000000001	1.2026822763273916e-22
715.28	1.608069904023311e-23
716.9045	2.0632462941450278e-24
718.529	2.5403254566425014e-25
720.1535	3.001371702835642e-26
721.778	3.4028463822135084e-27
723.4025	3.7021758260508093e-28
725.027	3.865127942255923e-29
726.6515	3.872245153076732e-30
728.2760000000001	3.7226649651958448e-31
729.9005000000001	3.434291825032256e-32
731.525	3.0402729594813425e-33
733.1495	2.5827364658605904e-34
734.774	2.1054248704501038e-35
736.3985	1.646992190622889e-36
738.023	1.2363330536372827e-37
739.6475	8.905833201723795e-39
741.272	6.1663102721222826e-40
742.8965000000001	5.723024636773719e-41
744.5210000000001	2.5320487079398224e-40
746.1455	3.67573152387577e-39
747.77	5.173105034388082e-38
749.3945	6.986659027418539e-37
751.019	9.054824042606936e-36
752.6435	1.1261146775645718e-34
754.268	1.3439321997924676e-33
755.8925	1.5390907807652767e-32
757.517	1.6913880222588629e-31
759.1415000000001	1.7836695634088756e-30
760.7660000000001	1.8050020070124443e-29
762.3905	1.7528030227094088e-28
764.015	1.63335533210473e-27
765.6395	1.4605632621006057e-26
767.264	1.253291826034098e-25
768.8885	1.0319916388457835e-24
770.513	8.154405176596466e-24
772.1375	6.183018300340825e-23
773.7620000000001	4.498843789564566e-22
775.3865000000001	3.141184402222805e-21
777.0110000000001	2.1046412959755552e-20
778.6355	1.3531778483147594e-19
780.26	8.348795216981792e-19
781.8845	4.942934713089516e-18
783.509	2.808264931680926e-17
785.1335	1.5310289964007303e-16
786.758	8.009785610669211e-16
788.3825	4.021152138200058e-15
790.0070000000001	1.9371901595454696e-14
791.6315000000001	8.955423752303876e-14
793.256	3.972758483230845e-13
794.8805	1.6911819064602967e-12
796.505	6.908450023978355e-12
798.1295	2.7080897516731715e-11
799.754	1.0186796346590543e-10
801.3785	3.6770906021670567e-10
803.003	1.2736883445336607e-09
804.6275	4.2336422358355645e-09
806.2520000000001	1.3503839654451149e-08
807.8765000000001	4.133258109971607e-08
809.501	1.2140034401856756e-07
811.1255	3.4216804234932337e-07
812.75	9.254460572060209e-07
814.3745	2.401899936539454e-06
815.999	5.9820611565447066e-06
817.6235	1.4296802685839122e-05
819.248	3.278831773189968e-05
820.8725000000001	7.215916236801572e-05
822.4970000000001	0.00015238982428903477
824.1215000000001	0.00030882509959565647
825.746	0.000600566839459826
827.3705	0.001120733217429538
828.995	0.0020069441011182194
830.6195	0.003448739929485681
832.244	0.005686928277695555
833.8685	0.008998853747525449
835.493	0.01366434355969481
837.1175000000001	0.01991051478925106
838.7420000000001	0.027839943000115146
840.3665	0.03735479276322806
841.991	0.0480968304694
843.6155	0.059426304088054056
845.24	0.070458455820808
846.8645	0.08016405135820755
848.489	0.08752222122828063
850.1135	0.09169573613252044
851.738	0.09218751077547693
853.3625000000001	0.0889379617569825
854.9870000000001	0.08233687746769221
856.6115	0.07314653366922363
858.236	0.06235700449486695
859.8605	0.05101159174784155
861.485	0.04004466298698986
863.1095	0.030165640255759633
864.734	0.021805828332999058
866.3585	0.01512602336130332
867.9830000000001	0.010068599857155523
869.6075000000001	0.006431400176237498
871.2320000000001	0.003942158861817271
872.8565	0.002318754910686477
874.481	0.0013087831910360015
876.1055	0.0007088799735213978
877.73	0.0003684426037802729
879.3545	0.0001837634412316889
880.979	8.795094781857116e-05
882.6035	4.039374038286852e-05
884.2280000000001	1.7802449088379162e-05
885.8525000000001	7.529004761476253e-06
887.477	3.05553686557715e-06
889.1015	1.1899524864846981e-06
890.726	4.446966425129636e-07
892.3505	1.5947412096796093e-07
893.975	5.487931984042719e-08
895.5995	1.8122552235460494e-08
897.224	5.74277944164687e-09
898.8485000000001	1.7462927483656855e-09
900.4730000000001	5.095702922917141e-10
902.0975000000001	1.4268663236174851e-10
903.722	3.834022100061843e-11
905.3465	9.885942328109259e-12
906.971	2.4460969719924627e-12
908.5955	5.807930412519193e-13
910.22	1.3233090275333415e-13
911.8445	2.8932987740230314e-14
913.469	6.070401654291085e-15
915.0935000000001	1.2221758809797313e-15
916.7180000000001	2.361250848493268e-16
918.3425000000001	4.377666589295799e-17
919.967	7.788169117722851e-18
921.5915	1.3295975370546469e-18
923.216	2.178197058190619e-19
924.8405	3.424256344861822e-20
926.465	5.165680102425973e-21
928.0895	7.477921183797811e-22
929.714	1.0387867363728441e-22
931.3385000000001	1.3847266317243826e-23
932.9630000000001	1.7713069665284926e-24
934.5875	2.174281413374397e-25
936.212	2.561119322834459e-26
937.8365	2.8949162824448716e-27
939.461	3.140033937338092e-28
941.0855	3.268321807086528e-29
942.71	3.26443043482981e-30
944.3345	3.1288314006405137e-31
945.9590000000001	2.877723355834361e-32
947.5835000000001	2.539849940811573e-33
949.2080000000001	2.151093124069137e-34
950.8325	1.748245835835262e-35
952.457	1.3634459607204269e-36
954.0815	1.0203883548672362e-37
955.706	7.327995506208959e-39
957.3305	5.050065742264041e-40
958.955	3.3396503968323516e-41
960.5795	2.1193228333485617e-42
962.2040000000001	1.2905812909857053e-43
963.8285000000001	7.541639168540757e-45
965.4530000000001	4.2290057052038015e-46
967.0775	2.2756367001745275e-47
968.702	1.1750591378898496e-48
970.3265	5.82248872039012e-50
971.951	2.768533126488058e-51
973.5755	1.2632314503130407e-52
975.2	5.531058752437873e-54
976.8245000000001	2.323944491499757e-55
978.4490000000001	0.0
980.0735000000001	0.0
981.698	0.0
983.3225	0.0
984.947	0.0
986.5715	0.0
988.196	0.0
989.8205	0.0
991.445	0.0
993.0695000000001	0.0
994.6940000000001	0.0
996.3185000000001	0.0
997.943	0.0
999.5675	0.0
1001.192	0.0
1002.8165	0.0
1004.441	0.0
1006.0655	0.0
1007.69	0.0
1009.3145000000001	0.0
1010.9390000000001	0.0
1012.5635000000001	0.0
1014.188	0.0
1015.8125	0.0
1017.437	0.0
1019.0615	0.0
1020.686	0.0
1022.3105	0.0
1023.9350000000001	0.0
1025.5595	0.0
1027.184	0.0
1028.8085	0.0
1030.433	0.0
1032.0575000000001	0.0
1033.682	0.0
1035.3065000000001	0.0
1036.931	0.0
1038.5555	0.0
1040.18	0.0
1041.8045	0.0
1043.429	0.0
1045.0535	0.0
1046.678	0.0
1048.3025	0.0
1049.9270000000001	0.0
1051.5515	0.0
1053.176	0.0
1054.8005	0.0
1056.425	0.0
1058.0495	0.0
1059.674	0.0
1061.2985	0.0
1062.923	0.0
1064.5475000000001	0.0
1066.172	0.0
1067.7965	0.0
1069.421	0.0
1071.0455	0.0
1072.67	0.0
1074.2945	0.0
1075.919	0.0
1077.5435	0.0
1079.1680000000001	1.942578986998555e-55
1080.7925	4.634117113179047e-54
1082.4170000000001	1.06083407262698e-52
1084.0415	2.3303440908887566e-51
1085.666	4.912298859608648e-50
1087.2905	9.936687835778382e-49
1088.915	1.9288153288380804e-47
1090.5395	3.5927896249749766e-46
1092.164	6.421922553388416e-45
1093.7885	1.1015151543343345e-43
1095.413	1.8130426720736367e-42
1097.0375000000001	2.863635331067341e-41
1098.662	4.340297862998149e-40
1100.2865	6.312675929350283e-39
1101.911	8.810480438080939e-38
1103.5355	1.1799886353197647e-36
1105.16	1.5165201830903996e-35
1106.7845	1.8702975350313452e-34
1108.409	2.2134277227820343e-33
1110.0335	2.5136923619537e-32
1111.6580000000001	2.7393721911115665e-31
1113.2825	2.864719449509459e-30
1114.907	2.8747844521055693e-29
1116.5315	2.768347565990132e-28
1118.156	2.5581622102761194e-27
1119.7805	2.2684420031469863e-26
1121.405	1.9302760316493853e-25
1123.0295	1.576170854866114e-24
1124.654	1.2350351100162008e-23
1126.2785000000001	9.286401406798543e-23
1127.903	6.700508109608236e-22
1129.5275000000001	4.639382274542238e-21
1131.152	3.0825115841757345e-20
1132.7765	1.9653568313446733e-19
1134.401	1.202458909822936e-18
1136.0255	7.05978074638348e-18
1137.65	3.977446246922116e-17
1139.2745	2.1503520211959023e-16
1140.8990000000001	1.1155959799688778e-15
1142.5235	5.553879547634039e-15
1144.1480000000001	2.6532496111596953e-14
1145.7725	1.2163313450811292e-13
1147.397	5.350788992642192e-13
1149.0215	2.2587901645640273e-12
1150.646	9.150105212519676e-12
1152.2705	3.5568735377942544e-11
1153.895	1.3267921635577825e-10
1155.5195	4.74929895345272e-10
1157.144	1.6313541603093228e-09
1158.7685000000001	5.377236507599557e-09
1160.393	1.700834901106761e-08
1162.0175	5.1624673291982295e-08
1163.642	1.5036425617383404e-07
1165.2665	4.2026579149805963e-07
1166.891	1.1271860585373584e-06
1168.5155	2.9010773809091096e-06
1170.14	7.164982831447291e-06
1171.7645	1.698099491737919e-05
1173.3890000000001	3.861919765038701e-05
1175.0135	8.428212911542194e-05
1176.6380000000001	0.00017650616798374654
1178.2625	0.00035471243315720306
1179.887	0.0006840456305841999
1181.5115	0.001265860568134946
1183.136	0.002247909418824431
1184.7605	0.0038305741991186337
1186.385	0.00626384623381364
1188.0095000000001	0.009829024864266043
1189.634	0.014800347627527348
1191.2585000000001	0.021385801692287664
1192.883	0.029653181195462806
1194.5075	0.039455648336031504
1196.132	0.050377801825200116
1197.7565	0.061725039991126454
1199.381	0.0725731014156628
1201.0055	0.08188080862626808
1202.63	0.08865040001624075
1204.2545	0.09210249879758879
1205.8790000000001	0.09182358894378119
1207.5035	0.08784746836575667
1209.128	0.08064851485971537
1210.7525	0.0710486181815023
1212.377	0.060063002328225416
1214.0015	0.04872485869712076
1215.626	0.03793030460287269
1217.2505	0.028334427030268654
1218.875	0.02031120165496129
1220.4995000000001	0.013971816291541905
1222.124	0.009223136632326556
1223.7485000000001	0.005843390662262452
1225.373	0.0035549080482719696
1226.9975	0.002080989095588529
1228.622	0.0011822089575984362
1230.2465	0.0006740411454529806
1231.871	0.00043140537001691565
1233.4955	0.000386684765998491
1235.1200000000001	0.0005266962672366177
1236.7445	0.0008919235437784153
1238.3690000000001	0.001578685652206209
1239.9935	0.0027422031468088905
1241.618	0.004596059042826744
1243.2425	0.007401841242538042
1244.867	0.011442589953495888
1246.4915	0.016975954215699918
1248.116	0.02416819089954057
1249.7405	0.033017800599578276
1251.365	0.043285730735635075
1252.9895000000001	0.05445448678152734
1254.614	0.06573775870097945
1256.2385	0.07615328315604436
1257.863	0.08465555545376907
1259.4875	0.09030605802121401
1261.112	0.09244357676038518
1262.7365	0.09081234719656302
1264.361	0.08561437844752234
1265.9855	0.07747243396485937
1267.6100000000001	0.06731520235622868
1269.2345	0.056217473205126135
1270.8590000000002	0.04523844174005319
1272.4835	0.03529773031203939
1274.108	0.02711355406843498
1275.7325	0.02120653246583424
1277.357	0.017952782414540007
1278.9815	0.017656478069523033
1280.606	0.020607750636091444
1282.2305000000001	0.027096924475986613
1283.855	0.037369345300552026
1285.4795000000001	0.05152411075825382
1287.104	0.06938133720517964
1288.7285	0.09036106412465608
1290.353	0.11342605036562767
1291.9775	0.13713445709373986
1293.602	0.15982396234981916
1295.2265	0.17990965142535192
1296.851	0.1962346797681011
1298.4755	0.20838060399015798
1300.1000000000001	0.21683812388112342
1301.7245	0.22296624116594407
1303.349	0.22872417801716058
1304.9735	0.23622955620084993
1306.598	0.24725512114912482
1308.2225	0.2628029363666019
1309.847	0.2828776613809301
1311.4715	0.30652268823732526
1313.096	0.33210298986873615
1314.7205000000001	0.3577439598417506
1316.345	0.3817927273611942
1317.9695000000002	0.4031724577900745
1319.594	0.4215481141769661
1321.2185	0.43729381527103045
1322.843	0.4513178624697157
1324.4675	0.46483583810158985
1326.092	0.47917401528744286
1327.7165	0.49564332663541427
1329.3410000000001	0.5154717361548723
1330.9655	0.5397465306280029
1332.5900000000001	0.5693147736428813
1334.2145	0.6046202071143372
1335.839	0.6455028803983589
1337.4635	0.691030631065389
1339.088	0.7394485450935856
1340.7125	0.7883133712386801
1342.337	0.8348280324317401
1343.9615000000001	0.8763229683294216
1345.586	0.9107699661365497
1347.2105000000001	0.9371846105415182
1348.835	0.9557911880435981
1350.4595	0.9678883685559917
1352.084	0.9754461196360424
1353.7085	0.9805516026048737
1355.333	0.9848709768240465
1356.9575	0.9892855612961495
1358.582	0.9937979980825845
1360.2065	0.9977117133484714
1361.8310000000001	1.0
1363.4555	0.9997293824045025
1365.0800000000002	0.9963992993796817
1366.7045	0.9901014386716723
1368.329	0.981468601260973
1369.9535	0.9714513770781162
1371.578	0.9610108294395049
1373.2025	0.9508340468546532
1374.827	0.9411634052154028
1376.4515000000001	0.9317858364699099
1378.076	0.9221699545729434
1379.7005000000001	0.9116864178290702
1381.325	0.8998195726367503
1382.9495	0.8862873118727701
1384.574	0.8710285539939849
1386.1985	0.8540769433968606
1387.823	0.8353902578455792
1389.4475	0.8147250679436756
1391.0720000000001	0.7916259607343048
1392.6965	0.7655467649424852
1394.3210000000001	0.7360610426780748
1395.9455	0.7030779429460315
1397.57	0.6669756548421771
1399.1945	0.6285988295483443
1400.819	0.5891216400279448
1402.4435	0.5498290785603831
1404.068	0.5118940897138584
1405.6925	0.4762194976476978
1407.317	0.4433797550009042
1408.9415000000001	0.41365671048072594
1410.566	0.38713408168679164
1412.1905000000002	0.3638065163133996
1413.815	0.343668785703559
1415.4395	0.3267685434048899
1417.064	0.3132210871834027
1418.6885	0.3031909041158318
1420.313	0.2968440389153134
1421.9375	0.29427381682382575
1423.5620000000001	0.29540603894980316
1425.1865	0.2998994762782913
1426.8110000000001	0.3070684831764929
1428.4355	0.31585898604704554
1430.06	0.3249011015942547
1431.6845	0.3326414266658082
1433.309	0.33753270045924877
1434.9335	0.3382387825017903
1436.558	0.3338075597025242
1438.1825000000001	0.3237757947006933
1439.807	0.3081926384960592
1441.4315000000001	0.28757237587418943
1443.056	0.26280234389510587
1444.6805	0.23503444905937543
1446.305	0.20558052567735624
1447.9295	0.17581955176620162
1449.554	0.14711529979976734
1451.1785	0.120739824951799
1452.803	0.0978003997118979
1454.4275	0.0791715332179596
1456.0520000000001	0.06543623559385195
1457.6765	0.05684072011276822
1459.3010000000002	0.053265756212694505
1460.9255	0.0542181212891625
1462.55	0.05884784595171858
1464.1745	0.06599949301081877
1465.799	0.07430515279664622
1467.4235	0.08232036715396451
1469.048	0.08869192809696504
1470.6725000000001	0.09233232638955792
1472.297	0.0925658500276538
1473.9215000000002	0.08921163139131554
1475.546	0.08258126877155898
1477.1705	0.07338979588380369
1478.795	0.06260148812822898
1480.4195	0.05124813525880331
1482.044	0.04026152937173371
1483.6685	0.030353459867804126
1485.2930000000001	0.02195963989194327
1486.9175	0.015245367921478795
1488.5420000000001	0.01015651129014709
1490.1665	0.006492982999111487
1491.791	0.003983241034519334
1493.4155	0.0023448835969747017
1495.04	0.0013246411772916396
1496.6645	0.0007180710441046344
1498.289	0.00037353280308448253
1499.9135	0.00018645852011593117
1501.538	8.931571195433204e-05
1503.1625000000001	4.1054960351221964e-05
1504.787	1.8109045031922156e-05
1506.4115000000002	7.665095996784806e-06
1508.036	3.113377519605217e-06
1509.6605	1.2134953297954575e-06
1511.285	4.5387532220974045e-07
1512.9095	1.6290228197418858e-07
1514.534	5.610607690765342e-08
1516.1585	1.8543203913392726e-08
1517.7830000000001	5.881008164859178e-09
1519.4075	1.7898264729741866e-09
1521.0320000000002	5.227116855611151e-10
1522.6565	1.4648920689595484e-10
1524.281	3.939500709629716e-11
1525.9055	1.0166439374365836e-11
1527.53	2.517611444149313e-12
1529.1545	5.9827474415796e-13
1530.779	1.3642839569984904e-13
1532.4035000000001	2.985389571333834e-14
1534.028	6.2688717840031205e-15
1535.6525000000001	1.2631935520733938e-15
1537.277	2.4425448654012643e-16
1538.9015	4.5321819418378735e-17
1540.526	8.069827644389756e-18
1542.1505	1.378838238798028e-18
1543.775	2.2607602871134685e-19
1545.3995	3.557032629713204e-20
1547.0240000000001	5.3704826678570526e-21
1548.6485	7.780919573533482e-22
1550.2730000000001	1.0817842896906938e-22
1551.8975	1.4432532714954708e-23
1553.5220000000002	1.8477217367810447e-24
1555.1465	2.2699836128891734e-25
1556.771	2.6760918344891574e-26
1558.3955	3.0274113899110202e-27
1560.02	3.2865027872905705e-28
1561.6445	3.423644842956629e-29
1563.269	3.422437643797588e-30
1564.8935000000001	3.2830274870213347e-31
1566.518	3.022077729107635e-32
1568.1425000000002	2.6694935673706346e-33
1569.767	2.2627900676085703e-34
1571.3915	1.84056765449209e-35
1573.016	1.4366515450112404e-36
1574.6405	1.0760767292743626e-37
1576.265	7.73440967222825e-39
1577.8895	5.334616953071985e-40
1579.5140000000001	3.5307864116890937e-41
1581.1385	2.2424965782320407e-42
1582.7630000000001	1.3667348493961949e-43
1584.3875	7.993351008841931e-45
1586.012	4.486065777902421e-46
1587.6365	2.415986631465794e-47
1589.261	1.2485776402409599e-48
1590.8855	6.191968187558577e-50
1592.51	2.946687062708384e-51
1594.1345000000001	1.3456479467794867e-52
1595.759	5.89686284396624e-54
1597.3835000000001	2.4797205255144975e-55
1599.008	0.0
1600.6325000000002	0.0
1602.257	0.0
1603.8815	0.0
1605.506	0.0
1607.1305	0.0
1608.755	0.0
1610.3795	0.0
1612.0040000000001	0.0
1613.6285	0.0
1615.2530000000002	0.0
1616.8775	0.0
1618.502	0.0
1620.1265	0.0
1621.751	0.0
1623.3755	0.0
